454 1N1>Ex scmPTORUM.

25. 225, 25. 32. 226, 25.
227, 14. 26. 228,4. 7. 10.

19. 25. 29. 31. 229, 17.

230, 3. 8. 231, 5. 13. 25. 33.
232, 10. 17. 20. 233, 1. 8. 15.
234‚3.16.20. 235,3.7. 236,
4. 237, 11. 16. 27. 238, 7. 18.
24. 33. 239, 13. 240, 8. 29.
241, 5. 12. 242, 24. 243, 15.

144‚13. 245,9.26. 247,5.26.
248, 12. 20, 249, 16. 250, 6.

14. 16.31. 251, 22. 32. 252,
23.29. 253, 1.4. 254,11.16.
22.26. 255,6.22. 256, 6.19.
258, 1. 260, 16. 26. 32. 261,
17. 262,1. 264,16.21. 265,
3. 16.23. 266, 6. 11. 15. 267,
23. 268, 20. 270, 7. 271,12.
272, 10. 17. 26. 273, 3. 15.
20. 25. Cod. Coisl. 30. 274,6.
275,17.29. 276,8.Cod.Coisl.
9. 277, 21.31. 278, 6. 25.31.
279, 5. 15. 280, 1. 7. 17. 26.
ἓξ. 2812, 6. ἑὲ. 28Ξὲ1ξὲ9.
7. 1343297 286, ‘61'234 290, 26,

291, 24. 292, 31. 293, 3. 14.
21. 294, 4. 16. 27. 295, 9.
296,10.17. 298, 15. 23. 299.
22. 300, 7. 301, 8.18. 31.
302, 6. 22. 303, 1. 21. 25.32.

305, 7.19. 306, 3. 26. 308,
24. 309, 3. 29. 31. 310, 12.
311, 26. 34. 312, 5. 313, 11.
23. 314,32. 315,8.21.31.
316,8. 317,10. 318,23. 319,
3.32. 320, 24. 321‚10. 322,
3. 14. 21. 27. 323, 10. 14.
324, 16. 29. 325, 8. 31. 326,
9. 327,1.24. 328‚4.24. 329,
5. 13. 16. 30. 330, 3. 12. 22.
331,15. 332, 5· 16· 23· 333,
30. 334,18.29. 335,10. 336,
19. 27. 339, 1.9. 340,10.19.
341, 2. 20. 23. 342, 9. 16. 29.
343, 3. 11.20.33. 344, 10. 21.
345215-28- 346, 7· 27· 347,
348, 6. 12. 21. 27.
349» 1· 14· 30· 350, 9· 35¹2
12. 20. 352, 21. 30. 34. 353,
6. 13. 20. 27. 354, 9.12. 15.
26. 355, 19. 356, 5. 24. 32.

22. 29.

 

357, 4· 7· 21· 24 29· 358, 7-
24.31. 359,5.31. 360, 10,18.
24. 29. 361, 9. 362, 7. 23.
363, 4. 8. 12. 16. 22. 364, 3.
365, 3. 27. Cod. Coisl. 30.
368, 3. 13. 28. 369, 23. 370,
11.32. 371,3.7.23. 372,15.
373, 4. 21. 33. Cod. Coisl.
374, 1. 20. 375, 2. 10. 16. 20.
24. 376, 1. 9. 31. 377, 12.
378, 32. 379, 1.13.22.27.32.
380, 8. 20. 381, 1. 15. 19.
382, 7. 21. 383, 7. 18. 24.
384, 6. 14. 385, 18. 23. 26.
386,6.21.31. 387,11.24.30.
388, 9. 18. 26. 31. 390, 23.
392, 10. 28. 13. 24. 394, 32.
395, 7· 12· 33· 396, 3· 27·
397, 10. 16.24. 398, 4. 13.21.
400, 4. 22. 401, ι. 402, 26.
403, 26· 404, 3-24· 405‚3·
406, 7. 23. 408, 16. 25. 409,
18.22.26.Cod.Coisl. 410,12.
18.30. 411,3. 412,3. 14.28.
413, 10. 414, 20. 24. Cod.
Coisl.33. 416, 5.11. 32. 417,
,17. 22. 419, 26. · 420, 5. 17.
421, 15. 30. 422, 1.

Clemens Alexandrinus (Στρωμα-

τεὺς) 1 13, 1 7.

cyrillus ἐκ τῆς Ἰωῆλ ἑρμηνείας τᾶμου

β’. 23, 26. 33, 1. 37, 28. ἐκ
τοῦ πρὸς Ῥωμαίους τόμον β’. 67, 6.
ἐκ τοῦ εἷς τὸν προφήτην Ἀμῶς τᾶ-
μου γ’. 122, 12. 123, 20. τοῦ
κατὰ τοῦ δυσσεβοῦς Ἰουλιανσῧ τό·
μου β’. 125, 30. ἐκ τοῦ δευτέρου
τεύχους τῶν κατὰ Ἰουλιανοῧ 179,
13. 253, 8. εἷς τὸ πατέρ εἰς
χεῖράς σου παρατίθημι τὸ πνεῦμα
μου 130, 28. ἐκ τῆς ἑρμηνείας τοῦ
κατὰ Λουκᾶἱν εὐαγγελίου 284, 28.
8, 7. 18, 19. 34, 20.
35,32· 46, 29· 47, 3-19· 73,
25. 104, 8. 105,10. 112,16.
113,3. 115, 1. 17. 116,4.29.
123,31. 125,7. 131,10. 144,
25. 196, 7. 221, 1. 224,5.
226, 22. 229, 22. 236, 23.
245, 31. 246‚1. 249,21. 290,
19. 339,19. 411, 11.

Didymus 21, 20. 25, 16. 34‚30.

1

 

